26 0.327161 0.588889 0.103704 0.127778 0.251709
27 0.175926 0.455556 0.0135802 0.0296296 0.449707
0 0.0487654 0.658333 0.0975309 0.298148 0.765625
0 0.35 0.586574 0.149383 0.423148 0.914551
0 0.182099 0.603704 0.24321 0.466667 0.947754
0 0.911728 0.589815 0.176543 0.451852 0.950684
5 0.510494 0.444907 0.966667 0.465741 0.967285
26 0.327161 0.588889 0.103704 0.127778 0.251709
27 0.175926 0.455556 0.0135802 0.0296296 0.449707
0 0.0487654 0.658333 0.0975309 0.298148 0.765625
0 0.35 0.586574 0.149383 0.423148 0.914551
0 0.182099 0.603704 0.24321 0.466667 0.947754
0 0.911728 0.589815 0.176543 0.451852 0.950684
5 0.510494 0.444907 0.966667 0.465741 0.967285
26 0.327161 0.588889 0.103704 0.127778 0.251709
27 0.175926 0.455556 0.0135802 0.0296296 0.449707
0 0.0487654 0.658333 0.0975309 0.298148 0.765625
0 0.35 0.586574 0.149383 0.423148 0.914551
0 0.182099 0.603704 0.24321 0.466667 0.947754
0 0.911728 0.589815 0.176543 0.451852 0.950684
5 0.510494 0.444907 0.966667 0.465741 0.967285
26 0.327161 0.588889 0.103704 0.127778 0.251709
27 0.175926 0.455556 0.0135802 0.0296296 0.449707
0 0.0487654 0.658333 0.0975309 0.298148 0.765625
0 0.35 0.586574 0.149383 0.423148 0.914551
0 0.182099 0.603704 0.24321 0.466667 0.947754
0 0.911728 0.589815 0.176543 0.451852 0.950684
5 0.510494 0.444907 0.966667 0.465741 0.967285
