55 0.434375 0.425373 0.06875 0.0746269 0.427246
27 0.351562 0.573694 0.090625 0.401119 0.92041
0 0.686719 0.567164 0.601562 0.839552 0.970703
0 0.309375 0.499067 0.615625 0.979478 0.97998
55 0.434375 0.425373 0.06875 0.0746269 0.427246
27 0.351562 0.573694 0.090625 0.401119 0.92041
0 0.686719 0.567164 0.601562 0.839552 0.970703
0 0.309375 0.499067 0.615625 0.979478 0.97998
55 0.434375 0.425373 0.06875 0.0746269 0.427246
27 0.351562 0.573694 0.090625 0.401119 0.92041
0 0.686719 0.567164 0.601562 0.839552 0.970703
0 0.309375 0.499067 0.615625 0.979478 0.97998
55 0.434375 0.425373 0.06875 0.0746269 0.427246
27 0.351562 0.573694 0.090625 0.401119 0.92041
0 0.686719 0.567164 0.601562 0.839552 0.970703
0 0.309375 0.499067 0.615625 0.979478 0.97998
